route_id,trip_id,service_id,direction_id,block_id,shape_id,drt_advance_book_min,peak_offpeak,boarding_type
1,71668,223,1,111,12032,0.0,0,0
1,71669,223,1,123,12032,0.0,0,0
1,71670,223,1,123,12032,0.0,0,0
1,71671,223,1,123,12032,0.0,0,0
1,71672,223,1,123,12032,0.0,0,0
1,71673,223,1,123,12032,0.0,0,0
1,71674,223,1,130,12032,0.0,0,0
1,71675,223,1,130,12032,0.0,0,0
1,71676,223,1,131,12032,0.0,0,0
1,71677,223,1,122,12032,0.0,0,0
1,71678,223,1,135,12032,0.0,0,0
1,71679,223,1,115,12032,0.0,0,0
1,71680,223,1,115,12032,0.0,0,0
1,71681,223,1,141,12032,0.0,0,0
1,71682,223,1,141,12032,0.0,0,0
1,71683,223,1,141,12032,0.0,0,0
1,71684,223,1,141,12032,0.0,0,0
1,71685,223,1,146,12032,0.0,0,0
1,71686,223,1,137,12032,0.0,0,0
1,71687,223,1,137,12032,0.0,0,0
1,71688,223,1,137,12032,0.0,0,0
1,71689,223,1,135,12032,0.0,0,0
1,71690,223,1,141,12032,0.0,0,0
1,71691,223,1,140,12032,0.0,0,0
1,71692,223,1,140,12032,0.0,0,0
1,71693,223,0,111,12038,0.0,0,0
1,71694,223,0,123,12038,0.0,0,0
1,71695,223,0,123,12038,0.0,0,0
1,71696,223,0,123,12038,0.0,0,0
1,71697,223,0,123,12038,0.0,0,0
1,71698,223,0,123,12038,0.0,0,0
1,71699,223,0,130,12038,0.0,0,0
1,71700,223,0,130,12038,0.0,0,0
1,71701,223,0,131,12038,0.0,0,0
1,71702,223,0,122,12038,0.0,0,0
1,71703,223,0,135,12038,0.0,0,0
1,71704,223,0,115,12038,0.0,0,0
1,71705,223,0,115,12038,0.0,0,0
1,71706,223,0,141,12038,0.0,0,0
1,71707,223,0,141,12038,0.0,0,0
1,71708,223,0,141,12038,0.0,0,0
1,71709,223,0,141,12038,0.0,0,0
1,71710,223,0,146,12038,0.0,0,0
1,71711,223,0,137,12038,0.0,0,0
1,71712,223,0,137,12038,0.0,0,0
1,71713,223,0,137,12038,0.0,0,0
1,71714,223,0,135,12038,0.0,0,0
1,71715,223,0,141,12038,0.0,0,0
1,71716,223,0,140,12038,0.0,0,0
1,71717,223,0,140,12038,0.0,0,0
1,71718,224,1,170,12032,0.0,0,0
1,71719,224,1,170,12032,0.0,0,0
1,71720,224,1,183,12032,0.0,0,0
1,71721,224,1,194,12032,0.0,0,0
1,71722,224,1,183,12032,0.0,0,0
1,71723,224,1,181,12032,0.0,0,0
1,71724,224,1,183,12032,0.0,0,0
1,71725,224,1,183,12032,0.0,0,0
1,71726,224,1,7143,12032,0.0,0,0
1,71727,224,1,184,12032,0.0,0,0
1,71728,224,1,185,12032,0.0,0,0
1,71729,224,1,7142,12032,0.0,0,0
1,71730,224,1,189,12032,0.0,0,0
1,71731,224,1,188,12032,0.0,0,0
1,71732,224,1,189,12032,0.0,0,0
1,71733,224,0,170,12038,0.0,0,0
1,71734,224,0,170,12038,0.0,0,0
1,71735,224,0,183,12038,0.0,0,0
1,71736,224,0,194,12038,0.0,0,0
1,71737,224,0,183,12038,0.0,0,0
1,71738,224,0,181,12038,0.0,0,0
1,71739,224,0,183,12038,0.0,0,0
1,71740,224,0,183,12038,0.0,0,0
1,71741,224,0,7143,12038,0.0,0,0
1,71742,224,0,184,12038,0.0,0,0
1,71743,224,0,185,12038,0.0,0,0
1,71744,224,0,7142,12038,0.0,0,0
1,71745,224,0,189,12038,0.0,0,0
1,71746,224,0,188,12038,0.0,0,0
1,71747,224,0,189,12038,0.0,0,0
1,71748,225,1,203,12032,0.0,0,0
1,71749,225,1,203,12032,0.0,0,0
1,71750,225,1,205,12032,0.0,0,0
1,71751,225,1,203,12032,0.0,0,0
1,71752,225,1,205,12032,0.0,0,0
1,71753,225,1,3735,12032,0.0,0,0
1,71754,225,1,203,12032,0.0,0,0
1,71755,225,1,203,12032,0.0,0,0
1,71756,225,1,207,12032,0.0,0,0
1,71757,225,1,201,12032,0.0,0,0
1,71758,225,1,210,12032,0.0,0,0
1,71759,225,1,218,12032,0.0,0,0
1,71760,225,1,7176,12032,0.0,0,0
1,71761,225,1,7171,12032,0.0,0,0
1,71762,225,0,203,12038,0.0,0,0
1,71763,225,0,203,12038,0.0,0,0
1,71764,225,0,205,12038,0.0,0,0
1,71765,225,0,203,12038,0.0,0,0
1,71766,225,0,205,12038,0.0,0,0
1,71767,225,0,3735,12038,0.0,0,0
1,71768,225,0,203,12038,0.0,0,0
1,71769,225,0,203,12038,0.0,0,0
1,71770,225,0,207,12038,0.0,0,0
1,71771,225,0,201,12038,0.0,0,0
1,71772,225,0,210,12038,0.0,0,0
1,71773,225,0,218,12038,0.0,0,0
1,71774,225,0,7176,12038,0.0,0,0
1,71775,225,0,7171,12038,0.0,0,0
2,71776,223,1,115,12044,0.0,0,0
2,71777,223,1,110,12044,0.0,0,0
2,71778,223,1,116,12044,0.0,0,0
2,71779,223,1,125,12044,0.0,0,0
2,71780,223,1,116,12044,0.0,0,0
2,71781,223,1,128,12044,0.0,0,0
2,71782,223,1,124,12044,0.0,0,0
2,71783,223,1,134,12044,0.0,0,0
2,71784,223,1,117,12044,0.0,0,0
2,71785,223,1,124,12044,0.0,0,0
2,71786,223,1,131,12044,0.0,0,0
2,71787,223,1,142,12044,0.0,0,0
2,71788,223,1,7102,12044,0.0,0,0
2,71789,223,1,134,12044,0.0,0,0
2,71790,223,1,7106,12044,0.0,0,0
2,71791,223,1,143,12044,0.0,0,0
2,71792,223,1,142,12044,0.0,0,0
2,71793,223,1,150,12044,0.0,0,0
2,71794,223,1,7106,12044,0.0,0,0
2,71795,223,1,147,12044,0.0,0,0
2,71796,223,1,141,12044,0.0,0,0
2,71797,223,0,115,12050,0.0,0,0
2,71798,223,0,110,12050,0.0,0,0
2,71799,223,0,116,12050,0.0,0,0
2,71800,223,0,125,12050,0.0,0,0
2,71801,223,0,116,12050,0.0,0,0
2,71802,223,0,128,12050,0.0,0,0
2,71803,223,0,124,12050,0.0,0,0
2,71804,223,0,134,12050,0.0,0,0
2,71805,223,0,117,12050,0.0,0,0
2,71806,223,0,124,12050,0.0,0,0
2,71807,223,0,131,12050,0.0,0,0
2,71808,223,0,142,12050,0.0,0,0
2,71809,223,0,7102,12050,0.0,0,0
2,71810,223,0,134,12050,0.0,0,0
2,71811,223,0,7106,12050,0.0,0,0
2,71812,223,0,143,12050,0.0,0,0
2,71813,223,0,142,12050,0.0,0,0
2,71814,223,0,150,12050,0.0,0,0
2,71815,223,0,7106,12050,0.0,0,0
2,71816,223,0,139,12050,0.0,0,0
2,71817,224,1,175,12044,0.0,0,0
2,71818,224,1,180,12044,0.0,0,0
2,71819,224,1,174,12044,0.0,0,0
2,71820,224,1,175,12044,0.0,0,0
2,71821,224,1,172,12044,0.0,0,0
2,71822,224,1,177,12044,0.0,0,0
2,71823,224,1,180,12044,0.0,0,0
2,71824,224,1,184,12044,0.0,0,0
2,71825,224,1,185,12044,0.0,0,0
2,71826,224,1,188,12044,0.0,0,0
2,71827,224,1,189,12044,0.0,0,0
2,71828,224,1,188,12044,0.0,0,0
2,71829,224,1,190,12044,0.0,0,0
2,71830,224,1,3712,12044,0.0,0,0
2,71831,224,1,7147,12044,0.0,0,0
2,71832,224,1,7148,12044,0.0,0,0
2,71833,224,1,187,12044,0.0,0,0
2,71834,224,0,175,12050,0.0,0,0
2,71835,224,0,180,12050,0.0,0,0
2,71836,224,0,174,12050,0.0,0,0
2,71837,224,0,175,12050,0.0,0,0
2,71838,224,0,172,12050,0.0,0,0
2,71839,224,0,177,12050,0.0,0,0
2,71840,224,0,180,12050,0.0,0,0
2,71841,224,0,184,12050,0.0,0,0
2,71842,224,0,185,12050,0.0,0,0
2,71843,224,0,188,12050,0.0,0,0
2,71844,224,0,189,12050,0.0,0,0
2,71845,224,0,188,12050,0.0,0,0
2,71846,224,0,190,12050,0.0,0,0
2,71847,224,0,3712,12050,0.0,0,0
2,71848,224,0,7147,12050,0.0,0,0
2,71849,224,0,7148,12050,0.0,0,0
2,71850,225,1,204,12044,0.0,0,0
2,71851,225,1,215,12044,0.0,0,0
2,71852,225,1,204,12044,0.0,0,0
2,71853,225,1,216,12044,0.0,0,0
2,71854,225,1,207,12044,0.0,0,0
2,71855,225,1,211,12044,0.0,0,0
2,71856,225,1,3736,12044,0.0,0,0
2,71857,225,1,211,12044,0.0,0,0
2,71858,225,1,7170,12044,0.0,0,0
2,71859,225,1,7171,12044,0.0,0,0
2,71860,225,1,3736,12044,0.0,0,0
2,71861,225,1,213,12044,0.0,0,0
2,71862,225,1,210,12044,0.0,0,0
2,71863,225,0,204,12050,0.0,0,0
2,71864,225,0,215,12050,0.0,0,0
2,71865,225,0,204,12050,0.0,0,0
2,71866,225,0,216,12050,0.0,0,0
2,71867,225,0,207,12050,0.0,0,0
2,71868,225,0,211,12050,0.0,0,0
2,71869,225,0,3736,12050,0.0,0,0
2,71870,225,0,211,12050,0.0,0,0
2,71871,225,0,7170,12050,0.0,0,0
2,71872,225,0,7171,12050,0.0,0,0
2,71873,225,0,3736,12050,0.0,0,0
2,71874,225,0,213,12050,0.0,0,0
3,71875,223,1,120,12056,0.0,0,0
3,71876,223,1,125,12056,0.0,0,0
3,71877,223,1,125,12056,0.0,0,0
3,71878,223,1,111,12056,0.0,0,0
3,71879,223,1,127,12056,0.0,0,0
3,71880,223,1,124,12056,0.0,0,0
3,71881,223,1,117,12056,0.0,0,0
3,71882,223,1,117,12056,0.0,0,0
3,71883,223,1,119,12056,0.0,0,0
3,71884,223,1,131,12056,0.0,0,0
3,71885,223,1,140,12056,0.0,0,0
3,71886,223,1,2783,12056,0.0,0,0
3,71887,223,1,118,12056,0.0,0,0
3,71888,223,1,7106,12056,0.0,0,0
3,71889,223,1,150,12056,0.0,0,0
3,71890,223,1,138,12056,0.0,0,0
3,71891,223,1,7105,12056,0.0,0,0
3,71892,223,1,147,12056,0.0,0,0
3,71893,223,1,141,12056,0.0,0,0
3,71894,223,0,122,12062,0.0,0,0
3,71895,223,0,117,12062,0.0,0,0
3,71896,223,0,126,12062,0.0,0,0
3,71897,223,0,112,12062,0.0,0,0
3,71898,223,0,115,12062,0.0,0,0
3,71899,223,0,117,12062,0.0,0,0
3,71900,223,0,120,12062,0.0,0,0
3,71901,223,0,127,12062,0.0,0,0
3,71902,223,0,126,12062,0.0,0,0
3,71903,223,0,137,12062,0.0,0,0
3,71904,223,0,7102,12062,0.0,0,0
3,71905,223,0,143,12062,0.0,0,0
3,71906,223,0,137,12062,0.0,0,0
3,71907,223,0,129,12062,0.0,0,0
3,71908,223,0,148,12062,0.0,0,0
3,71909,223,0,135,12062,0.0,0,0
3,71910,223,0,144,12062,0.0,0,0
3,71911,223,0,142,12062,0.0,0,0
3,71912,223,0,149,12062,0.0,0,0
3,71913,223,0,150,12062,0.0,0,0
3,71914,224,1,179,12056,0.0,0,0
3,71915,224,1,176,12056,0.0,0,0
3,71916,224,1,180,12056,0.0,0,0
3,71917,224,1,175,12056,0.0,0,0
3,71918,224,1,173,12056,0.0,0,0
3,71919,224,1,172,12056,0.0,0,0
3,71920,224,1,179,12056,0.0,0,0
3,71921,224,1,7144,12056,0.0,0,0
3,71922,224,1,190,12056,0.0,0,0
3,71923,224,1,186,12056,0.0,0,0
3,71924,224,1,7148,12056,0.0,0,0
3,71925,224,1,187,12056,0.0,0,0
3,71926,224,0,179,12062,0.0,0,0
3,71927,224,0,180,12062,0.0,0,0
3,71928,224,0,174,12062,0.0,0,0
3,71929,224,0,175,12062,0.0,0,0
3,71930,224,0,187,12062,0.0,0,0
3,71931,224,0,179,12062,0.0,0,0
3,71932,224,0,7144,12062,0.0,0,0
3,71933,224,0,178,12062,0.0,0,0
3,71934,224,0,174,12062,0.0,0,0
3,71935,224,0,186,12062,0.0,0,0
3,71936,224,0,1729,12062,0.0,0,0
3,71937,224,0,3712,12062,0.0,0,0
3,71938,225,1,207,12056,0.0,0,0
3,71939,225,1,202,12056,0.0,0,0
3,71940,225,1,202,12056,0.0,0,0
3,71941,225,1,209,12056,0.0,0,0
3,71942,225,1,212,12056,0.0,0,0
3,71943,225,1,212,12056,0.0,0,0
3,71944,225,1,3736,12056,0.0,0,0
3,71945,225,1,209,12056,0.0,0,0
3,71946,225,1,213,12056,0.0,0,0
3,71947,225,1,214,12056,0.0,0,0
3,71948,225,1,206,12056,0.0,0,0
3,71949,225,1,211,12056,0.0,0,0
3,71950,225,0,207,12062,0.0,0,0
3,71951,225,0,215,12062,0.0,0,0
3,71952,225,0,202,12062,0.0,0,0
3,71953,225,0,209,12062,0.0,0,0
3,71954,225,0,212,12062,0.0,0,0
3,71955,225,0,204,12062,0.0,0,0
3,71956,225,0,215,12062,0.0,0,0
3,71957,225,0,209,12062,0.0,0,0
3,71958,225,0,209,12062,0.0,0,0
3,71959,225,0,213,12062,0.0,0,0
3,71960,225,0,7170,12062,0.0,0,0
3,71961,225,0,7171,12062,0.0,0,0
3,71962,225,0,3736,12062,0.0,0,0
18,71963,223,0,115,12068,0.0,0,0
18,71964,223,0,110,12068,0.0,0,0
18,71965,223,0,120,12068,0.0,0,0
18,71966,223,0,120,12068,0.0,0,0
18,71967,223,0,120,12068,0.0,0,0
18,71968,223,0,111,12068,0.0,0,0
18,71969,223,0,111,12068,0.0,0,0
18,71970,223,0,126,12068,0.0,0,0
18,71971,223,0,128,12068,0.0,0,0
18,71972,223,0,117,12068,0.0,0,0
18,71973,223,0,137,12068,0.0,0,0
18,71974,223,0,137,12068,0.0,0,0
18,71975,223,0,129,12068,0.0,0,0
18,71976,223,0,118,12068,0.0,0,0
18,71977,223,0,162,12068,0.0,0,0
18,71978,223,0,150,12068,0.0,0,0
18,71979,223,0,150,12068,0.0,0,0
18,71980,223,0,143,12068,0.0,0,0
18,71981,223,1,115,12074,0.0,0,0
18,71982,223,1,110,12074,0.0,0,0
18,71983,223,1,120,12074,0.0,0,0
18,71984,223,1,120,12074,0.0,0,0
18,71985,223,1,120,12074,0.0,0,0
18,71986,223,1,111,12074,0.0,0,0
18,71987,223,1,111,12074,0.0,0,0
18,71988,223,1,126,12074,0.0,0,0
18,71989,223,1,128,12074,0.0,0,0
18,71990,223,1,117,12074,0.0,0,0
18,71991,223,1,137,12074,0.0,0,0
18,71992,223,1,137,12074,0.0,0,0
18,71993,223,1,129,12074,0.0,0,0
18,71994,223,1,118,12074,0.0,0,0
18,71995,223,1,162,12074,0.0,0,0
18,71996,223,1,150,12074,0.0,0,0
18,71997,223,1,150,12074,0.0,0,0
18,71998,223,1,143,12074,0.0,0,0
18,71999,224,0,175,12068,0.0,0,0
18,72000,224,0,177,12068,0.0,0,0
18,72001,224,0,177,12068,0.0,0,0
18,72002,224,0,177,12068,0.0,0,0
18,72003,224,0,176,12068,0.0,0,0
18,72004,224,0,176,12068,0.0,0,0
18,72005,224,0,176,12068,0.0,0,0
18,72006,224,0,176,12068,0.0,0,0
18,72007,224,0,3712,12068,0.0,0,0
18,72008,224,0,3712,12068,0.0,0,0
18,72009,224,0,3712,12068,0.0,0,0
18,72010,224,0,3712,12068,0.0,0,0
18,72011,224,0,3712,12068,0.0,0,0
18,72012,224,1,175,12074,0.0,0,0
18,72013,224,1,177,12074,0.0,0,0
18,72014,224,1,177,12074,0.0,0,0
18,72015,224,1,177,12074,0.0,0,0
18,72016,224,1,176,12074,0.0,0,0
18,72017,224,1,176,12074,0.0,0,0
18,72018,224,1,176,12074,0.0,0,0
18,72019,224,1,176,12074,0.0,0,0
18,72020,224,1,3712,12074,0.0,0,0
18,72021,224,1,3712,12074,0.0,0,0
18,72022,224,1,3712,12074,0.0,0,0
18,72023,224,1,3712,12074,0.0,0,0
18,72024,224,1,3712,12074,0.0,0,0
18,72025,225,0,206,12068,0.0,0,0
18,72026,225,0,206,12068,0.0,0,0
18,72027,225,0,206,12068,0.0,0,0
18,72028,225,0,209,12068,0.0,0,0
18,72029,225,0,208,12068,0.0,0,0
18,72030,225,0,208,12068,0.0,0,0
18,72031,225,0,213,12068,0.0,0,0
18,72032,225,0,216,12068,0.0,0,0
18,72033,225,0,207,12068,0.0,0,0
18,72034,225,0,207,12068,0.0,0,0
18,72035,225,0,212,12068,0.0,0,0
18,72036,225,0,212,12068,0.0,0,0
18,72037,225,0,7175,12068,0.0,0,0
18,72038,225,1,206,12074,0.0,0,0
18,72039,225,1,206,12074,0.0,0,0
18,72040,225,1,206,12074,0.0,0,0
18,72041,225,1,209,12074,0.0,0,0
18,72042,225,1,208,12074,0.0,0,0
18,72043,225,1,208,12074,0.0,0,0
18,72044,225,1,213,12074,0.0,0,0
18,72045,225,1,216,12074,0.0,0,0
18,72046,225,1,207,12074,0.0,0,0
18,72047,225,1,207,12074,0.0,0,0
18,72048,225,1,212,12074,0.0,0,0
18,72049,225,1,212,12074,0.0,0,0
18,72050,225,1,7175,12074,0.0,0,0
4,72051,223,1,114,12080,0.0,0,0
4,72052,223,1,119,12080,0.0,0,0
4,72053,223,1,113,12080,0.0,0,0
4,72054,223,1,127,12080,0.0,0,0
4,72055,223,1,117,12080,0.0,0,0
4,72056,223,1,157,12080,0.0,0,0
4,72057,223,1,119,12080,0.0,0,0
4,72058,223,1,126,12080,0.0,0,0
4,72059,223,1,159,12080,0.0,0,0
4,72060,223,1,113,12080,0.0,0,0
4,72061,223,1,118,12080,0.0,0,0
4,72062,223,1,161,12080,0.0,0,0
4,72063,223,1,110,12080,0.0,0,0
4,72064,223,1,115,12080,0.0,0,0
4,72065,223,1,119,12080,0.0,0,0
4,72066,223,1,121,12080,0.0,0,0
4,72067,223,1,132,12080,0.0,0,0
4,72068,223,1,125,12080,0.0,0,0
4,72069,223,1,118,12080,0.0,0,0
4,72070,223,1,112,12080,0.0,0,0
4,72071,223,1,110,12080,0.0,0,0
4,72072,223,1,115,12080,0.0,0,0
4,72073,223,1,127,12080,0.0,0,0
4,72074,223,1,2783,12080,0.0,0,0
4,72075,223,1,121,12080,0.0,0,0
4,72076,223,1,126,12080,0.0,0,0
4,72077,223,1,118,12080,0.0,0,0
4,72078,223,1,123,12080,0.0,0,0
4,72079,223,1,2535,12080,0.0,0,0
4,72080,223,1,125,12080,0.0,0,0
4,72081,223,1,127,12080,0.0,0,0
4,72082,223,1,130,12080,0.0,0,0
4,72083,223,1,121,12080,0.0,0,0
4,72084,223,1,144,12080,0.0,0,0
4,72085,223,1,139,12080,0.0,0,0
4,72086,223,1,140,12080,0.0,0,0
4,72087,223,1,2535,12080,0.0,0,0
4,72088,223,1,145,12080,0.0,0,0
4,72089,223,1,136,12080,0.0,0,0
4,72090,223,1,7105,12080,0.0,0,0
4,72091,223,1,129,12080,0.0,0,0
4,72092,223,1,131,12080,0.0,0,0
4,72093,223,1,148,12080,0.0,0,0
4,72094,223,1,164,12080,0.0,0,0
4,72095,223,1,140,12080,0.0,0,0
4,72096,223,1,1146,12080,0.0,0,0
4,72097,223,1,145,12080,0.0,0,0
4,72098,223,1,166,12080,0.0,0,0
4,72099,223,1,141,12080,0.0,0,0
4,72100,223,1,165,12080,0.0,0,0
4,72101,223,1,164,12080,0.0,0,0
4,72102,223,1,146,12080,0.0,0,0
4,72103,223,1,145,12080,0.0,0,0
4,72104,223,1,144,12080,0.0,0,0
4,72105,223,1,148,12080,0.0,0,0
4,72106,223,1,146,12080,0.0,0,0
4,72107,223,1,145,12080,0.0,0,0
4,72108,223,1,148,12080,0.0,0,0
4,72109,223,0,113,12086,0.0,0,0
4,72110,223,0,157,12086,0.0,0,0
4,72111,223,0,112,12086,0.0,0,0
4,72112,223,0,119,12086,0.0,0,0
4,72113,223,0,159,12086,0.0,0,0
4,72114,223,0,114,12086,0.0,0,0
4,72115,223,0,127,12086,0.0,0,0
4,72116,223,0,161,12086,0.0,0,0
4,72117,223,0,110,12086,0.0,0,0
4,72118,223,0,122,12086,0.0,0,0
4,72119,223,0,119,12086,0.0,0,0
4,72120,223,0,121,12086,0.0,0,0
4,72121,223,0,132,12086,0.0,0,0
4,72122,223,0,125,12086,0.0,0,0
4,72123,223,0,118,12086,0.0,0,0
4,72124,223,0,126,12086,0.0,0,0
4,72125,223,0,110,12086,0.0,0,0
4,72126,223,0,115,12086,0.0,0,0
4,72127,223,0,119,12086,0.0,0,0
4,72128,223,0,121,12086,0.0,0,0
4,72129,223,0,132,12086,0.0,0,0
4,72130,223,0,136,12086,0.0,0,0
4,72131,223,0,118,12086,0.0,0,0
4,72132,223,0,112,12086,0.0,0,0
4,72133,223,0,110,12086,0.0,0,0
4,72134,223,0,129,12086,0.0,0,0
4,72135,223,0,127,12086,0.0,0,0
4,72136,223,0,2783,12086,0.0,0,0
4,72137,223,0,121,12086,0.0,0,0
4,72138,223,0,135,12086,0.0,0,0
4,72139,223,0,118,12086,0.0,0,0
4,72140,223,0,138,12086,0.0,0,0
4,72141,223,0,2535,12086,0.0,0,0
4,72142,223,0,7106,12086,0.0,0,0
4,72143,223,0,127,12086,0.0,0,0
4,72144,223,0,124,12086,0.0,0,0
4,72145,223,0,125,12086,0.0,0,0
4,72146,223,0,135,12086,0.0,0,0
4,72147,223,0,139,12086,0.0,0,0
4,72148,223,0,138,12086,0.0,0,0
4,72149,223,0,1146,12086,0.0,0,0
4,72150,223,0,145,12086,0.0,0,0
4,72151,223,0,136,12086,0.0,0,0
4,72152,223,0,141,12086,0.0,0,0
4,72153,223,0,129,12086,0.0,0,0
4,72154,223,0,165,12086,0.0,0,0
4,72155,223,0,148,12086,0.0,0,0
4,72156,223,0,164,12086,0.0,0,0
4,72157,223,0,139,12086,0.0,0,0
4,72158,223,0,149,12086,0.0,0,0
4,72159,223,0,166,12086,0.0,0,0
4,72160,223,0,138,12086,0.0,0,0
4,72161,223,0,148,12086,0.0,0,0
4,72162,223,0,142,12086,0.0,0,0
4,72163,223,0,145,12086,0.0,0,0
4,72164,223,0,144,12086,0.0,0,0
4,72165,223,0,148,12086,0.0,0,0
4,72166,223,0,147,12086,0.0,0,0
4,72167,224,1,169,12080,0.0,0,0
4,72168,224,1,168,12080,0.0,0,0
4,72169,224,1,178,12080,0.0,0,0
4,72170,224,1,169,12080,0.0,0,0
4,72171,224,1,183,12080,0.0,0,0
4,72172,224,1,168,12080,0.0,0,0
4,72173,224,1,178,12080,0.0,0,0
4,72174,224,1,169,12080,0.0,0,0
4,72175,224,1,174,12080,0.0,0,0
4,72176,224,1,179,12080,0.0,0,0
4,72177,224,1,184,12080,0.0,0,0
4,72178,224,1,168,12080,0.0,0,0
4,72179,224,1,178,12080,0.0,0,0
4,72180,224,1,186,12080,0.0,0,0
4,72181,224,1,169,12080,0.0,0,0
4,72182,224,1,174,12080,0.0,0,0
4,72183,224,1,180,12080,0.0,0,0
4,72184,224,1,190,12080,0.0,0,0
4,72185,224,1,184,12080,0.0,0,0
4,72186,224,1,7141,12080,0.0,0,0
4,72187,224,1,186,12080,0.0,0,0
4,72188,224,1,174,12080,0.0,0,0
4,72189,224,1,7142,12080,0.0,0,0
4,72190,224,1,1730,12080,0.0,0,0
4,72191,224,1,189,12080,0.0,0,0
4,72192,224,1,187,12080,0.0,0,0
4,72193,224,1,7143,12080,0.0,0,0
4,72194,224,1,190,12080,0.0,0,0
4,72195,224,1,7142,12080,0.0,0,0
4,72196,224,1,7141,12080,0.0,0,0
4,72197,224,1,7144,12080,0.0,0,0
4,72198,224,1,190,12080,0.0,0,0
4,72199,224,1,7142,12080,0.0,0,0
4,72200,224,1,7141,12080,0.0,0,0
4,72201,224,1,7144,12080,0.0,0,0
4,72202,224,0,168,12086,0.0,0,0
4,72203,224,0,169,12086,0.0,0,0
4,72204,224,0,177,12086,0.0,0,0
4,72205,224,0,168,12086,0.0,0,0
4,72206,224,0,178,12086,0.0,0,0
4,72207,224,0,169,12086,0.0,0,0
4,72208,224,0,179,12086,0.0,0,0
4,72209,224,0,168,12086,0.0,0,0
4,72210,224,0,170,12086,0.0,0,0
4,72211,224,0,178,12086,0.0,0,0
4,72212,224,0,194,12086,0.0,0,0
4,72213,224,0,174,12086,0.0,0,0
4,72214,224,0,179,12086,0.0,0,0
4,72215,224,0,171,12086,0.0,0,0
4,72216,224,0,168,12086,0.0,0,0
4,72217,224,0,170,12086,0.0,0,0
4,72218,224,0,186,12086,0.0,0,0
4,72219,224,0,173,12086,0.0,0,0
4,72220,224,0,174,12086,0.0,0,0
4,72221,224,0,7142,12086,0.0,0,0
4,72222,224,0,190,12086,0.0,0,0
4,72223,224,0,7148,12086,0.0,0,0
4,72224,224,0,7141,12086,0.0,0,0
4,72225,224,0,186,12086,0.0,0,0
4,72226,224,0,179,12086,0.0,0,0
4,72227,224,0,7148,12086,0.0,0,0
4,72228,224,0,7142,12086,0.0,0,0
4,72229,224,0,187,12086,0.0,0,0
4,72230,224,0,7144,12086,0.0,0,0
4,72231,224,0,190,12086,0.0,0,0
4,72232,224,0,189,12086,0.0,0,0
4,72233,224,0,7141,12086,0.0,0,0
4,72234,224,0,3712,12086,0.0,0,0
4,72235,224,0,190,12086,0.0,0,0
4,72236,224,0,7142,12086,0.0,0,0
4,72237,225,1,199,12080,0.0,0,0
4,72238,225,1,198,12080,0.0,0,0
4,72239,225,1,199,12080,0.0,0,0
4,72240,225,1,209,12080,0.0,0,0
4,72241,225,1,198,12080,0.0,0,0
4,72242,225,1,200,12080,0.0,0,0
4,72243,225,1,199,12080,0.0,0,0
4,72244,225,1,201,12080,0.0,0,0
4,72245,225,1,198,12080,0.0,0,0
4,72246,225,1,206,12080,0.0,0,0
4,72247,225,1,199,12080,0.0,0,0
4,72248,225,1,201,12080,0.0,0,0
4,72249,225,1,198,12080,0.0,0,0
4,72250,225,1,200,12080,0.0,0,0
4,72251,225,1,3735,12080,0.0,0,0
4,72252,225,1,7172,12080,0.0,0,0
4,72253,225,1,209,12080,0.0,0,0
4,72254,225,1,217,12080,0.0,0,0
4,72255,225,1,7169,12080,0.0,0,0
4,72256,225,1,7174,12080,0.0,0,0
4,72257,225,1,3735,12080,0.0,0,0
4,72258,225,1,7171,12080,0.0,0,0
4,72259,225,1,7169,12080,0.0,0,0
4,72260,225,1,3735,12080,0.0,0,0
4,72261,225,1,7169,12080,0.0,0,0
4,72262,225,1,7172,12080,0.0,0,0
4,72263,225,0,198,12086,0.0,0,0
4,72264,225,0,199,12086,0.0,0,0
4,72265,225,0,198,12086,0.0,0,0
4,72266,225,0,202,12086,0.0,0,0
4,72267,225,0,199,12086,0.0,0,0
4,72268,225,0,208,12086,0.0,0,0
4,72269,225,0,198,12086,0.0,0,0
4,72270,225,0,200,12086,0.0,0,0
4,72271,225,0,199,12086,0.0,0,0
4,72272,225,0,210,12086,0.0,0,0
4,72273,225,0,198,12086,0.0,0,0
4,72274,225,0,200,12086,0.0,0,0
4,72275,225,0,199,12086,0.0,0,0
4,72276,225,0,201,12086,0.0,0,0
4,72277,225,0,210,12086,0.0,0,0
4,72278,225,0,214,12086,0.0,0,0
4,72279,225,0,7169,12086,0.0,0,0
4,72280,225,0,7172,12086,0.0,0,0
4,72281,225,0,3735,12086,0.0,0,0
4,72282,225,0,217,12086,0.0,0,0
4,72283,225,0,7169,12086,0.0,0,0
4,72284,225,0,7174,12086,0.0,0,0
4,72285,225,0,3735,12086,0.0,0,0
4,72286,225,0,7171,12086,0.0,0,0
4,72287,225,0,7172,12086,0.0,0,0
4,72288,225,0,7171,12086,0.0,0,0
5,72289,223,1,116,12092,0.0,0,0
5,72290,223,1,120,12092,0.0,0,0
5,72291,223,1,128,12092,0.0,0,0
5,72292,223,1,111,12092,0.0,0,0
5,72293,223,1,127,12092,0.0,0,0
5,72294,223,1,128,12092,0.0,0,0
5,72295,223,1,111,12092,0.0,0,0
5,72296,223,1,119,12092,0.0,0,0
5,72297,223,1,134,12092,0.0,0,0
5,72298,223,1,2783,12092,0.0,0,0
5,72299,223,1,2536,12092,0.0,0,0
5,72300,223,1,149,12092,0.0,0,0
5,72301,223,1,7106,12092,0.0,0,0
5,72302,223,1,7105,12092,0.0,0,0
5,72303,223,1,143,12092,0.0,0,0
5,72304,223,0,116,12098,0.0,0,0
5,72305,223,0,120,12098,0.0,0,0
5,72306,223,0,128,12098,0.0,0,0
5,72307,223,0,111,12098,0.0,0,0
5,72308,223,0,127,12098,0.0,0,0
5,72309,223,0,128,12098,0.0,0,0
5,72310,223,0,111,12098,0.0,0,0
5,72311,223,0,139,12098,0.0,0,0
5,72312,223,0,134,12098,0.0,0,0
5,72313,223,0,2783,12098,0.0,0,0
5,72314,223,0,2536,12098,0.0,0,0
5,72315,223,0,149,12098,0.0,0,0
5,72316,223,0,7106,12098,0.0,0,0
5,72317,223,0,7105,12098,0.0,0,0
5,72318,223,0,143,12098,0.0,0,0
5,72319,224,1,174,12092,0.0,0,0
5,72320,224,1,172,12092,0.0,0,0
5,72321,224,1,176,12092,0.0,0,0
5,72322,224,1,180,12092,0.0,0,0
5,72323,224,1,195,12092,0.0,0,0
5,72324,224,1,188,12092,0.0,0,0
5,72325,224,1,189,12092,0.0,0,0
5,72326,224,1,179,12092,0.0,0,0
5,72327,224,1,7144,12092,0.0,0,0
5,72328,224,1,1729,12092,0.0,0,0
5,72329,224,1,1730,12092,0.0,0,0
5,72330,224,1,186,12092,0.0,0,0
5,72331,224,0,174,12098,0.0,0,0
5,72332,224,0,172,12098,0.0,0,0
5,72333,224,0,176,12098,0.0,0,0
5,72334,224,0,180,12098,0.0,0,0
5,72335,224,0,195,12098,0.0,0,0
5,72336,224,0,188,12098,0.0,0,0
5,72337,224,0,189,12098,0.0,0,0
5,72338,224,0,179,12098,0.0,0,0
5,72339,224,0,7144,12098,0.0,0,0
5,72340,224,0,1729,12098,0.0,0,0
5,72341,224,0,1730,12098,0.0,0,0
5,72342,224,0,186,12098,0.0,0,0
5,72343,225,1,207,12092,0.0,0,0
5,72344,225,1,212,12092,0.0,0,0
5,72345,225,1,215,12092,0.0,0,0
5,72346,225,1,209,12092,0.0,0,0
5,72347,225,1,212,12092,0.0,0,0
5,72348,225,1,7171,12092,0.0,0,0
5,72349,225,1,3736,12092,0.0,0,0
5,72350,225,1,212,12092,0.0,0,0
5,72351,225,1,7170,12092,0.0,0,0
5,72352,225,0,207,12098,0.0,0,0
5,72353,225,0,212,12098,0.0,0,0
5,72354,225,0,215,12098,0.0,0,0
5,72355,225,0,209,12098,0.0,0,0
5,72356,225,0,212,12098,0.0,0,0
5,72357,225,0,7171,12098,0.0,0,0
5,72358,225,0,3736,12098,0.0,0,0
5,72359,225,0,212,12098,0.0,0,0
5,72360,225,0,7170,12098,0.0,0,0
6,72361,223,0,112,12104,0.0,0,0
6,72362,223,0,111,12104,0.0,0,0
6,72363,223,0,114,12104,0.0,0,0
6,72364,223,0,121,12104,0.0,0,0
6,72365,223,0,122,12104,0.0,0,0
6,72366,223,0,121,12104,0.0,0,0
6,72367,223,0,129,12104,0.0,0,0
6,72368,223,0,126,12104,0.0,0,0
6,72369,223,0,129,12104,0.0,0,0
6,72370,223,0,161,12104,0.0,0,0
6,72371,223,0,122,12104,0.0,0,0
6,72372,223,0,135,12104,0.0,0,0
6,72373,223,0,125,12104,0.0,0,0
6,72374,223,0,122,12104,0.0,0,0
6,72375,223,0,135,12104,0.0,0,0
6,72376,223,0,122,12104,0.0,0,0
6,72377,223,0,136,12104,0.0,0,0
6,72378,223,0,123,12104,0.0,0,0
6,72379,223,0,125,12104,0.0,0,0
6,72380,223,0,123,12104,0.0,0,0
6,72381,223,0,144,12104,0.0,0,0
6,72382,223,0,141,12104,0.0,0,0
6,72383,223,0,146,12104,0.0,0,0
6,72384,223,0,147,12104,0.0,0,0
6,72385,223,0,146,12104,0.0,0,0
6,72386,223,0,134,12104,0.0,0,0
6,72387,223,0,137,12104,0.0,0,0
6,72388,223,0,140,12104,0.0,0,0
6,72389,223,0,137,12104,0.0,0,0
6,72390,223,0,139,12104,0.0,0,0
6,72391,223,0,147,12104,0.0,0,0
6,72392,223,0,147,12104,0.0,0,0
6,72393,223,0,146,12104,0.0,0,0
6,72394,223,0,145,12104,0.0,0,0
6,72395,223,1,112,12110,0.0,0,0
6,72396,223,1,111,12110,0.0,0,0
6,72397,223,1,114,12110,0.0,0,0
6,72398,223,1,121,12110,0.0,0,0
6,72399,223,1,122,12110,0.0,0,0
6,72400,223,1,121,12110,0.0,0,0
6,72401,223,1,129,12110,0.0,0,0
6,72402,223,1,126,12110,0.0,0,0
6,72403,223,1,129,12110,0.0,0,0
6,72404,223,1,161,12110,0.0,0,0
6,72405,223,1,122,12110,0.0,0,0
6,72406,223,1,135,12110,0.0,0,0
6,72407,223,1,125,12110,0.0,0,0
6,72408,223,1,122,12110,0.0,0,0
6,72409,223,1,135,12110,0.0,0,0
6,72410,223,1,122,12110,0.0,0,0
6,72411,223,1,136,12110,0.0,0,0
6,72412,223,1,123,12110,0.0,0,0
6,72413,223,1,131,12110,0.0,0,0
6,72414,223,1,123,12110,0.0,0,0
6,72415,223,1,144,12110,0.0,0,0
6,72416,223,1,141,12110,0.0,0,0
6,72417,223,1,146,12110,0.0,0,0
6,72418,223,1,147,12110,0.0,0,0
6,72419,223,1,146,12110,0.0,0,0
6,72420,223,1,140,12110,0.0,0,0
6,72421,223,1,137,12110,0.0,0,0
6,72422,223,1,140,12110,0.0,0,0
6,72423,223,1,137,12110,0.0,0,0
6,72424,223,1,147,12110,0.0,0,0
6,72425,223,1,147,12110,0.0,0,0
6,72426,223,1,147,12110,0.0,0,0
6,72427,223,1,146,12110,0.0,0,0
6,72428,224,0,170,12104,0.0,0,0
6,72429,224,0,170,12104,0.0,0,0
6,72430,224,0,181,12104,0.0,0,0
6,72431,224,0,181,12104,0.0,0,0
6,72432,224,0,170,12104,0.0,0,0
6,72433,224,0,183,12104,0.0,0,0
6,72434,224,0,171,12104,0.0,0,0
6,72435,224,0,183,12104,0.0,0,0
6,72436,224,0,194,12104,0.0,0,0
6,72437,224,0,172,12104,0.0,0,0
6,72438,224,0,183,12104,0.0,0,0
6,72439,224,0,7143,12104,0.0,0,0
6,72440,224,0,184,12104,0.0,0,0
6,72441,224,0,185,12104,0.0,0,0
6,72442,224,0,188,12104,0.0,0,0
6,72443,224,0,189,12104,0.0,0,0
6,72444,224,0,188,12104,0.0,0,0
6,72445,224,0,185,12104,0.0,0,0
6,72446,224,0,7143,12104,0.0,0,0
6,72447,224,0,7143,12104,0.0,0,0
6,72448,224,1,170,12110,0.0,0,0
6,72449,224,1,170,12110,0.0,0,0
6,72450,224,1,181,12110,0.0,0,0
6,72451,224,1,181,12110,0.0,0,0
6,72452,224,1,170,12110,0.0,0,0
6,72453,224,1,183,12110,0.0,0,0
6,72454,224,1,171,12110,0.0,0,0
6,72455,224,1,183,12110,0.0,0,0
6,72456,224,1,194,12110,0.0,0,0
6,72457,224,1,172,12110,0.0,0,0
6,72458,224,1,183,12110,0.0,0,0
6,72459,224,1,7143,12110,0.0,0,0
6,72460,224,1,184,12110,0.0,0,0
6,72461,224,1,185,12110,0.0,0,0
6,72462,224,1,188,12110,0.0,0,0
6,72463,224,1,189,12110,0.0,0,0
6,72464,224,1,188,12110,0.0,0,0
6,72465,224,1,187,12110,0.0,0,0
6,72466,224,1,7143,12110,0.0,0,0
6,72467,225,0,202,12104,0.0,0,0
6,72468,225,0,201,12104,0.0,0,0
6,72469,225,0,210,12104,0.0,0,0
6,72470,225,0,209,12104,0.0,0,0
6,72471,225,0,203,12104,0.0,0,0
6,72472,225,0,205,12104,0.0,0,0
6,72473,225,0,203,12104,0.0,0,0
6,72474,225,0,203,12104,0.0,0,0
6,72475,225,0,7169,12104,0.0,0,0
6,72476,225,0,7169,12104,0.0,0,0
6,72477,225,0,3735,12104,0.0,0,0
6,72478,225,0,7176,12104,0.0,0,0
6,72479,225,0,7176,12104,0.0,0,0
6,72480,225,0,214,12104,0.0,0,0
6,72481,225,0,7175,12104,0.0,0,0
6,72482,225,0,7170,12104,0.0,0,0
6,72483,225,0,3736,12104,0.0,0,0
6,72484,225,0,3735,12104,0.0,0,0
6,72485,225,1,202,12110,0.0,0,0
6,72486,225,1,201,12110,0.0,0,0
6,72487,225,1,210,12110,0.0,0,0
6,72488,225,1,203,12110,0.0,0,0
6,72489,225,1,205,12110,0.0,0,0
6,72490,225,1,203,12110,0.0,0,0
6,72491,225,1,203,12110,0.0,0,0
6,72492,225,1,7169,12110,0.0,0,0
6,72493,225,1,7169,12110,0.0,0,0
6,72494,225,1,3735,12110,0.0,0,0
6,72495,225,1,7176,12110,0.0,0,0
6,72496,225,1,7176,12110,0.0,0,0
6,72497,225,1,214,12110,0.0,0,0
6,72498,225,1,7175,12110,0.0,0,0
6,72499,225,1,7170,12110,0.0,0,0
6,72500,225,1,3736,12110,0.0,0,0
7,72501,223,0,158,12116,0.0,0,0
7,72502,223,0,115,12116,0.0,0,0
7,72503,223,0,117,12116,0.0,0,0
7,72504,223,0,2536,12116,0.0,0,0
7,72505,223,0,143,12116,0.0,0,0
7,72506,223,0,142,12116,0.0,0,0
7,72507,223,0,162,12116,0.0,0,0
7,72508,223,0,138,12116,0.0,0,0
7,72509,223,1,110,12118,0.0,0,0
7,72510,223,1,117,12118,0.0,0,0
7,72511,223,1,158,12118,0.0,0,0
7,72512,223,1,115,12118,0.0,0,0
7,72513,223,1,117,12118,0.0,0,0
7,72514,223,1,143,12118,0.0,0,0
7,72515,223,1,142,12118,0.0,0,0
7,72516,223,1,162,12118,0.0,0,0
7,72517,223,1,138,12118,0.0,0,0
857,72518,223,1,126,12120,0.0,0,0
857,72519,223,1,157,12120,0.0,0,0
857,72520,223,1,112,12120,0.0,0,0
857,72521,223,1,112,12120,0.0,0,0
857,72522,223,1,112,12120,0.0,0,0
857,72523,223,1,112,12120,0.0,0,0
857,72524,223,1,126,12120,0.0,0,0
857,72525,223,1,124,12120,0.0,0,0
857,72526,223,1,134,12120,0.0,0,0
857,72527,223,1,134,12120,0.0,0,0
857,72528,223,1,7102,12120,0.0,0,0
857,72529,223,1,143,12120,0.0,0,0
857,72530,223,1,142,12120,0.0,0,0
857,72531,223,1,149,12120,0.0,0,0
857,72532,223,1,134,12120,0.0,0,0
857,72533,223,1,144,12120,0.0,0,0
857,72534,223,1,163,12120,0.0,0,0
857,72535,223,1,139,12120,0.0,0,0
857,72536,223,1,150,12120,0.0,0,0
857,72537,223,1,150,12120,0.0,0,0
857,72538,223,0,125,12126,0.0,0,0
857,72539,223,0,158,12126,0.0,0,0
857,72540,223,0,118,12126,0.0,0,0
857,72541,223,0,112,12126,0.0,0,0
857,72542,223,0,112,12126,0.0,0,0
857,72543,223,0,112,12126,0.0,0,0
857,72544,223,0,124,12126,0.0,0,0
857,72545,223,0,134,12126,0.0,0,0
857,72546,223,0,134,12126,0.0,0,0
857,72547,223,0,124,12126,0.0,0,0
857,72548,223,0,139,12126,0.0,0,0
857,72549,223,0,142,12126,0.0,0,0
857,72550,223,0,7102,12126,0.0,0,0
857,72551,223,0,134,12126,0.0,0,0
857,72552,223,0,134,12126,0.0,0,0
857,72553,223,0,163,12126,0.0,0,0
857,72554,223,0,143,12126,0.0,0,0
857,72555,223,0,150,12126,0.0,0,0
857,72556,223,0,150,12126,0.0,0,0
857,72557,223,0,143,12126,0.0,0,0
857,72558,224,1,172,12120,0.0,0,0
857,72559,224,1,172,12120,0.0,0,0
857,72560,224,1,177,12120,0.0,0,0
857,72561,224,1,182,12120,0.0,0,0
857,72562,224,1,182,12120,0.0,0,0
857,72563,224,1,182,12120,0.0,0,0
857,72564,224,1,182,12120,0.0,0,0
857,72565,224,1,172,12120,0.0,0,0
857,72566,224,1,194,12120,0.0,0,0
857,72567,224,1,187,12120,0.0,0,0
857,72568,224,1,187,12120,0.0,0,0
857,72569,224,1,178,12120,0.0,0,0
857,72570,224,1,176,12120,0.0,0,0
857,72571,224,1,1729,12120,0.0,0,0
857,72572,224,1,7141,12120,0.0,0,0
857,72573,224,1,7141,12120,0.0,0,0
857,72574,224,1,186,12120,0.0,0,0
857,72575,224,1,7141,12120,0.0,0,0
857,72576,224,1,3712,12120,0.0,0,0
857,72577,224,1,3712,12120,0.0,0,0
857,72578,224,0,172,12126,0.0,0,0
857,72579,224,0,182,12126,0.0,0,0
857,72580,224,0,175,12126,0.0,0,0
857,72581,224,0,182,12126,0.0,0,0
857,72582,224,0,182,12126,0.0,0,0
857,72583,224,0,182,12126,0.0,0,0
857,72584,224,0,172,12126,0.0,0,0
857,72585,224,0,172,12126,0.0,0,0
857,72586,224,0,187,12126,0.0,0,0
857,72587,224,0,7141,12126,0.0,0,0
857,72588,224,0,178,12126,0.0,0,0
857,72589,224,0,176,12126,0.0,0,0
857,72590,224,0,7148,12126,0.0,0,0
857,72591,224,0,7141,12126,0.0,0,0
857,72592,224,0,7141,12126,0.0,0,0
857,72593,224,0,7141,12126,0.0,0,0
857,72594,224,0,3712,12126,0.0,0,0
857,72595,224,0,186,12126,0.0,0,0
857,72596,225,1,205,12120,0.0,0,0
857,72597,225,1,211,12120,0.0,0,0
857,72598,225,1,215,12120,0.0,0,0
857,72599,225,1,211,12120,0.0,0,0
857,72600,225,1,211,12120,0.0,0,0
857,72601,225,1,210,12120,0.0,0,0
857,72602,225,1,211,12120,0.0,0,0
857,72603,225,1,211,12120,0.0,0,0
857,72604,225,1,210,12120,0.0,0,0
857,72605,225,1,213,12120,0.0,0,0
857,72606,225,1,206,12120,0.0,0,0
857,72607,225,1,206,12120,0.0,0,0
857,72608,225,1,206,12120,0.0,0,0
857,72609,225,1,211,12120,0.0,0,0
857,72610,225,1,7172,12120,0.0,0,0
857,72611,225,1,7172,12120,0.0,0,0
857,72612,225,1,7172,12120,0.0,0,0
857,72613,225,0,205,12126,0.0,0,0
857,72614,225,0,205,12126,0.0,0,0
857,72615,225,0,211,12126,0.0,0,0
857,72616,225,0,211,12126,0.0,0,0
857,72617,225,0,211,12126,0.0,0,0
857,72618,225,0,211,12126,0.0,0,0
857,72619,225,0,213,12126,0.0,0,0
857,72620,225,0,7170,12126,0.0,0,0
857,72621,225,0,206,12126,0.0,0,0
857,72622,225,0,206,12126,0.0,0,0
857,72623,225,0,211,12126,0.0,0,0
857,72624,225,0,211,12126,0.0,0,0
857,72625,225,0,7172,12126,0.0,0,0
857,72626,225,0,7172,12126,0.0,0,0
857,72627,225,0,7172,12126,0.0,0,0
8,72628,223,1,121,12132,0.0,0,0
8,72629,223,1,122,12132,0.0,0,0
8,72630,223,1,118,12132,0.0,0,0
8,72631,223,1,124,12132,0.0,0,0
8,72632,223,1,158,12132,0.0,0,0
8,72633,223,1,130,12132,0.0,0,0
8,72634,223,1,160,12132,0.0,0,0
8,72635,223,1,122,12132,0.0,0,0
8,72636,223,1,131,12132,0.0,0,0
8,72637,223,1,133,12132,0.0,0,0
8,72638,223,1,123,12133,0.0,0,0
8,72639,223,1,129,12133,0.0,0,0
8,72640,223,1,130,12133,0.0,0,0
8,72641,223,1,136,12133,0.0,0,0
8,72642,223,1,138,12133,0.0,0,0
8,72643,223,1,129,12133,0.0,0,0
8,72644,223,1,124,12133,0.0,0,0
8,72645,223,1,135,12133,0.0,0,0
8,72646,223,1,138,12133,0.0,0,0
8,72647,223,1,137,12133,0.0,0,0
8,72648,223,1,147,12132,0.0,0,0
8,72649,223,1,163,12132,0.0,0,0
8,72650,223,1,139,12132,0.0,0,0
8,72651,223,1,135,12132,0.0,0,0
8,72652,223,1,136,12132,0.0,0,0
8,72653,223,1,144,12132,0.0,0,0
8,72654,223,1,148,12132,0.0,0,0
8,72655,223,1,142,12132,0.0,0,0
8,72656,223,1,149,12132,0.0,0,0
8,72657,223,1,150,12132,0.0,0,0
8,72658,223,1,149,12132,0.0,0,0
8,72659,223,0,118,12141,0.0,0,0
8,72660,223,0,124,12141,0.0,0,0
8,72661,223,0,111,12141,0.0,0,0
8,72662,223,0,113,12141,0.0,0,0
8,72663,223,0,160,12141,0.0,0,0
8,72664,223,0,124,12141,0.0,0,0
8,72665,223,0,131,12141,0.0,0,0
8,72666,223,0,133,12141,0.0,0,0
8,72667,223,0,123,12141,0.0,0,0
8,72668,223,0,129,12141,0.0,0,0
8,72669,223,0,130,12141,0.0,0,0
8,72670,223,0,131,12142,0.0,0,0
8,72671,223,0,123,12142,0.0,0,0
8,72672,223,0,125,12142,0.0,0,0
8,72673,223,0,130,12142,0.0,0,0
8,72674,223,0,126,12142,0.0,0,0
8,72675,223,0,140,12142,0.0,0,0
8,72676,223,0,136,12142,0.0,0,0
8,72677,223,0,130,12142,0.0,0,0
8,72678,223,0,131,12142,0.0,0,0
8,72679,223,0,140,12142,0.0,0,0
8,72680,223,0,144,12141,0.0,0,0
8,72681,223,0,7105,12141,0.0,0,0
8,72682,223,0,131,12141,0.0,0,0
8,72683,223,0,147,12141,0.0,0,0
8,72684,223,0,146,12141,0.0,0,0
8,72685,223,0,145,12141,0.0,0,0
8,72686,223,0,144,12141,0.0,0,0
8,72687,223,0,146,12141,0.0,0,0
8,72688,223,0,149,12141,0.0,0,0
8,72689,223,0,150,12141,0.0,0,0
8,72690,224,1,173,12132,0.0,0,0
8,72691,224,1,171,12132,0.0,0,0
8,72692,224,1,179,12132,0.0,0,0
8,72693,224,1,173,12132,0.0,0,0
8,72694,224,1,171,12133,0.0,0,0
8,72695,224,1,181,12133,0.0,0,0
8,72696,224,1,170,12133,0.0,0,0
8,72697,224,1,173,12133,0.0,0,0
8,72698,224,1,171,12133,0.0,0,0
8,72699,224,1,187,12133,0.0,0,0
8,72700,224,1,185,12132,0.0,0,0
8,72701,224,1,183,12132,0.0,0,0
8,72702,224,1,7147,12132,0.0,0,0
8,72703,224,1,7144,12132,0.0,0,0
8,72704,224,1,184,12132,0.0,0,0
8,72705,224,1,185,12132,0.0,0,0
8,72706,224,1,7143,12132,0.0,0,0
8,72707,224,1,189,12132,0.0,0,0
8,72708,224,0,171,12141,0.0,0,0
8,72709,224,0,176,12141,0.0,0,0
8,72710,224,0,173,12141,0.0,0,0
8,72711,224,0,171,12141,0.0,0,0
8,72712,224,0,181,12141,0.0,0,0
8,72713,224,0,173,12142,0.0,0,0
8,72714,224,0,169,12142,0.0,0,0
8,72715,224,0,185,12142,0.0,0,0
8,72716,224,0,178,12142,0.0,0,0
8,72717,224,0,176,12142,0.0,0,0
8,72718,224,0,180,12141,0.0,0,0
8,72719,224,0,187,12141,0.0,0,0
8,72720,224,0,7143,12141,0.0,0,0
8,72721,224,0,184,12141,0.0,0,0
8,72722,224,0,185,12141,0.0,0,0
8,72723,224,0,7143,12141,0.0,0,0
8,72724,224,0,7142,12141,0.0,0,0
8,72725,224,0,7144,12141,0.0,0,0
8,72726,225,1,201,12132,0.0,0,0
8,72727,225,1,203,12132,0.0,0,0
8,72728,225,1,208,12132,0.0,0,0
8,72729,225,1,205,12132,0.0,0,0
8,72730,225,1,206,12132,0.0,0,0
8,72731,225,1,207,12133,0.0,0,0
8,72732,225,1,200,12133,0.0,0,0
8,72733,225,1,204,12133,0.0,0,0
8,72734,225,1,210,12133,0.0,0,0
8,72735,225,1,7170,12133,0.0,0,0
8,72736,225,1,201,12133,0.0,0,0
8,72737,225,1,210,12132,0.0,0,0
8,72738,225,1,213,12132,0.0,0,0
8,72739,225,1,7175,12132,0.0,0,0
8,72740,225,1,217,12132,0.0,0,0
8,72741,225,1,3736,12132,0.0,0,0
8,72742,225,1,7172,12132,0.0,0,0
8,72743,225,1,7171,12132,0.0,0,0
8,72744,225,0,200,12141,0.0,0,0
8,72745,225,0,204,12141,0.0,0,0
8,72746,225,0,200,12141,0.0,0,0
8,72747,225,0,201,12141,0.0,0,0
8,72748,225,0,210,12141,0.0,0,0
8,72749,225,0,213,12141,0.0,0,0
8,72750,225,0,201,12142,0.0,0,0
8,72751,225,0,206,12142,0.0,0,0
8,72752,225,0,3735,12142,0.0,0,0
8,72753,225,0,213,12142,0.0,0,0
8,72754,225,0,203,12142,0.0,0,0
8,72755,225,0,207,12142,0.0,0,0
8,72756,225,0,214,12141,0.0,0,0
8,72757,225,0,210,12141,0.0,0,0
8,72758,225,0,218,12141,0.0,0,0
8,72759,225,0,7176,12141,0.0,0,0
8,72760,225,0,7169,12141,0.0,0,0
8,72761,225,0,7170,12141,0.0,0,0
